audio margin
4.886363636363636
second; key index; channel index
13.772727272727273 70 0
13.909090909090908 72 0
14.045454545454545 73 0
14.181818181818182 77 0
14.727272727272727 80 0
15.272727272727273 73 0
15.954545454545455 73 0
16.09090909090909 75 0
16.227272727272727 77 0
16.363636363636363 80 0
16.90909090909091 82 0
17.454545454545453 75 0
18.136363636363637 75 0
18.272727272727273 77 0
18.40909090909091 80 0
18.545454545454547 82 0
19.09090909090909 85 0
19.636363636363637 78 0
20.318181818181817 78 0
20.454545454545453 80 0
20.59090909090909 82 0
20.727272727272727 85 0
21.272727272727273 87 0
22.363636363636363 61 0
22.636363636363637 68 0
22.90909090909091 65 0
23.181818181818183 63 0
23.454545454545453 61 0
23.727272727272727 60 0
24.0 56 0
24.545454545454547 61 0
24.681818181818183 60 0
24.818181818181817 58 0
24.954545454545453 56 0
25.09090909090909 53 0
25.363636363636363 51 0
25.636363636363637 53 0
25.90909090909091 56 0
26.181818181818183 58 0
26.727272727272727 61 0
26.863636363636363 60 0
27.0 58 0
27.136363636363637 56 0
27.272727272727273 65 0
27.545454545454547 63 0
27.818181818181817 53 0
28.09090909090909 56 0
28.363636363636363 58 0
28.90909090909091 61 0
29.045454545454547 60 0
29.181818181818183 58 0
29.318181818181817 56 0
29.454545454545453 53 0
29.727272727272727 51 0
30.0 49 0
30.272727272727273 48 0
30.545454545454547 46 0
31.227272727272727 70 0
31.363636363636363 72 0
31.5 73 0
31.636363636363637 77 0
32.18181818181818 80 0
32.72727272727273 73 0
33.40909090909091 73 0
33.54545454545455 75 0
33.68181818181818 77 0
33.81818181818182 80 0
34.36363636363637 82 0
34.90909090909091 75 0
35.59090909090909 75 0
35.72727272727273 77 0
35.86363636363637 80 0
36.0 82 0
36.54545454545455 85 0
37.09090909090909 78 0
37.77272727272727 78 0
37.90909090909091 80 0
38.04545454545455 82 0
38.18181818181818 85 0
38.72727272727273 87 0
39.27272727272727 82 0
39.81818181818182 85 0
39.95454545454545 84 0
40.09090909090909 82 0
40.22727272727273 80 0
40.36363636363637 82 0
40.5 82 0
40.63636363636363 82 0
40.77272727272727 82 0
40.90909090909091 82 0
41.04545454545455 82 0
41.18181818181818 82 0
41.31818181818182 82 0
42.0 85 0
42.13636363636363 84 0
42.27272727272727 82 0
42.40909090909091 80 0
42.54545454545455 82 0
42.68181818181818 82 0
42.81818181818182 82 0
42.95454545454545 82 0
43.09090909090909 82 0
43.22727272727273 82 0
43.36363636363637 82 0
43.5 82 0
44.18181818181818 85 0
44.31818181818182 84 0
44.45454545454545 82 0
44.59090909090909 80 0
44.72727272727273 82 0
44.86363636363637 82 0
45.0 82 0
45.13636363636363 82 0
45.27272727272727 82 0
45.40909090909091 82 0
45.54545454545455 82 0
45.68181818181818 82 0
46.36363636363637 85 0
46.5 84 0
46.63636363636363 82 0
46.77272727272727 80 0
46.90909090909091 82 0
47.04545454545455 82 0
47.18181818181818 82 0
47.31818181818182 82 0
47.45454545454545 82 0
47.59090909090909 82 0
47.72727272727273 82 0
47.86363636363637 82 0
48.54545454545455 82 0
48.68181818181818 82 0
48.81818181818182 84 0
48.95454545454545 85 0
49.09090909090909 89 0
49.22727272727273 89 0
49.36363636363637 89 0
49.5 89 0
49.63636363636363 89 0
49.77272727272727 89 0
49.90909090909091 89 0
50.04545454545455 89 0
50.72727272727273 82 0
50.86363636363637 85 0
51.0 87 0
51.13636363636363 89 0
51.27272727272727 92 0
51.40909090909091 92 0
51.54545454545455 92 0
51.68181818181818 92 0
51.81818181818182 92 0
51.95454545454545 92 0
52.09090909090909 92 0
52.22727272727273 92 0
52.90909090909091 85 0
53.04545454545455 87 0
53.18181818181818 89 0
53.31818181818182 92 0
53.45454545454545 94 0
53.59090909090909 94 0
53.72727272727273 94 0
53.86363636363637 94 0
54.0 94 0
54.13636363636363 94 0
54.27272727272727 94 0
54.40909090909091 94 0
55.09090909090909 87 0
55.22727272727273 89 0
55.36363636363637 92 0
55.5 94 0
57.27272727272727 77 0
57.40909090909091 77 0
57.54545454545455 77 0
57.68181818181818 77 0
57.81818181818182 77 0
57.95454545454545 77 0
58.09090909090909 77 0
58.22727272727273 77 0
58.36363636363637 82 0
58.5 82 0
58.63636363636363 84 0
58.77272727272727 85 0
59.45454545454545 80 0
59.59090909090909 80 0
59.72727272727273 80 0
59.86363636363637 80 0
60.0 80 0
60.13636363636363 80 0
60.27272727272727 80 0
60.40909090909091 80 0
60.54545454545455 82 0
60.68181818181818 85 0
60.81818181818182 87 0
60.95454545454545 89 0
61.63636363636363 82 0
61.77272727272727 82 0
61.90909090909091 82 0
62.04545454545455 82 0
62.18181818181818 82 0
62.31818181818182 82 0
62.45454545454545 82 0
62.59090909090909 82 0
62.72727272727273 85 0
62.86363636363637 87 0
63.0 89 0
63.13636363636363 92 0
63.27272727272727 78 0
63.81818181818182 90 0
64.36363636363636 89 0
64.9090909090909 87 0
66.0 77 0
66.13636363636364 77 0
66.27272727272727 77 0
66.4090909090909 77 0
66.54545454545455 77 0
66.68181818181819 77 0
67.0909090909091 82 0
67.22727272727273 82 0
67.36363636363636 84 0
67.5 85 0
68.18181818181819 80 0
68.45454545454545 80 0
68.5909090909091 80 0
68.72727272727273 80 0
68.86363636363636 80 0
69.27272727272727 82 0
69.4090909090909 85 0
69.54545454545455 87 0
69.68181818181819 89 0
70.36363636363636 82 0
70.63636363636364 82 0
70.77272727272727 82 0
70.9090909090909 82 0
71.04545454545455 82 0
71.45454545454545 85 0
71.5909090909091 87 0
71.72727272727273 89 0
71.86363636363636 92 0
72.0 78 0
72.54545454545455 90 0
73.0909090909091 89 0
74.72727272727273 77 0
75.13636363636364 77 0
75.54545454545455 77 0
75.95454545454545 77 0
76.9090909090909 77 0
77.18181818181819 77 0
77.31818181818181 80 0
77.5909090909091 80 0
77.72727272727273 78 0
78.13636363636364 77 0
79.0909090909091 82 0
79.5 82 0
79.9090909090909 82 0
80.31818181818181 82 0
80.72727272727273 78 0
81.27272727272727 90 0
81.81818181818181 89 0
82.36363636363636 87 0
83.45454545454545 77 0
83.86363636363636 77 0
84.27272727272727 77 0
84.68181818181819 77 0
85.63636363636364 77 0
85.9090909090909 77 0
86.04545454545455 80 0
86.31818181818181 80 0
86.45454545454545 78 0
86.86363636363636 77 0
87.0 87 0
87.13636363636364 89 0
87.81818181818181 82 0
88.22727272727273 82 0
88.63636363636364 82 0
88.9090909090909 85 0
89.04545454545455 87 0
89.18181818181819 89 0
89.31818181818181 92 0
89.45454545454545 78 0
90.0 90 0
90.54545454545455 89 0
90.81818181818181 87 0
91.0909090909091 77 0
91.36363636363636 80 0
91.63636363636364 82 0
92.18181818181819 77 0
92.72727272727273 77 0
93.0 73 0
93.27272727272727 75 0
93.81818181818181 77 0
94.0909090909091 80 0
94.36363636363636 77 0
94.63636363636364 75 0
94.9090909090909 77 0
95.18181818181819 75 0
95.45454545454545 70 0
96.0 70 0
96.54545454545455 68 0
97.0909090909091 67 0
97.36363636363636 68 0
97.63636363636364 70 0
98.18181818181819 73 0
98.45454545454545 75 0
98.72727272727273 73 0
99.0 72 0
99.27272727272727 73 0
99.54545454545455 72 0
99.81818181818181 70 0
100.36363636363636 82 0
100.9090909090909 77 0
101.45454545454545 77 0
101.72727272727273 73 0
102.0 75 0
102.54545454545455 77 0
102.81818181818181 80 0
103.0909090909091 77 0
103.36363636363636 75 0
103.63636363636364 77 0
103.9090909090909 75 0
104.18181818181819 70 0
104.72727272727273 70 0
105.27272727272727 68 0
105.81818181818181 67 0
106.0909090909091 68 0
106.36363636363636 70 0
106.9090909090909 73 0
107.18181818181819 75 0
107.45454545454545 73 0
107.72727272727273 72 0
108.0 73 0
108.27272727272727 72 0
108.54545454545455 70 0
108.81818181818181 65 0
108.88636363636364 68 0
108.95454545454545 70 0
109.02272727272727 73 0
109.0909090909091 70 0
109.22727272727273 68 0
109.36363636363636 65 0
109.5 72 0
109.63636363636364 68 0
109.77272727272727 65 0
109.9090909090909 73 0
110.04545454545455 70 0
110.18181818181819 65 0
110.31818181818181 75 0
110.45454545454545 70 0
110.5909090909091 68 0
110.72727272727273 76 0
110.77272727272727 77 0
111.0 75 0
111.13636363636364 77 0
111.27272727272727 75 0
111.4090909090909 73 0
111.54545454545455 70 0
111.68181818181819 68 0
111.81818181818181 70 0
112.0909090909091 68 0
112.22727272727273 65 0
112.36363636363636 68 0
112.63636363636364 65 0
112.77272727272727 63 0
112.9090909090909 65 0
113.04545454545455 63 0
113.18181818181819 61 0
113.31818181818181 61 0
113.38636363636364 63 0
113.45454545454545 67 0
113.5909090909091 63 0
113.72727272727273 58 0
113.86363636363636 68 0
114.0 63 0
114.13636363636364 58 0
114.27272727272727 69 0
114.31818181818181 70 0
114.54545454545455 70 0
114.68181818181819 67 0
114.81818181818181 63 0
114.95454545454545 72 0
115.0909090909091 67 0
115.22727272727273 63 0
115.36363636363636 74 0
115.4090909090909 75 0
115.63636363636364 73 0
115.77272727272727 72 0
115.9090909090909 73 0
116.04545454545455 75 0
116.18181818181819 77 0
116.31818181818181 75 0
116.45454545454545 73 0
116.5909090909091 80 0
116.72727272727273 82 0
117.0 84 0
117.06818181818181 82 0
117.13636363636364 80 0
117.20454545454545 82 0
117.27272727272727 84 0
117.54545454545455 85 0
118.5 70 0
118.63636363636364 72 0
118.77272727272727 73 0
118.9090909090909 77 0
119.45454545454545 80 0
120.0 73 0
120.68181818181819 73 0
120.81818181818181 75 0
120.95454545454545 77 0
121.0909090909091 80 0
121.63636363636364 81 0
121.67613636363636 82 0
122.18181818181819 75 0
122.86363636363636 75 0
123.0 77 0
123.13636363636364 80 0
123.27272727272727 82 0
123.81818181818181 84 0
124.36363636363636 77 0
124.9090909090909 77 0
125.45454545454545 77 0
126.0 77 0
126.54545454545455 77 0
127.0909090909091 77 0
128.72727272727272 84 0
129.27272727272728 87 0
129.4090909090909 86 0
129.54545454545453 84 0
129.6818181818182 82 0
129.8181818181818 84 0
129.95454545454547 84 0
130.0909090909091 84 0
130.22727272727272 84 0
130.36363636363637 84 0
130.5 84 0
130.63636363636363 84 0
130.77272727272728 84 0
131.45454545454547 87 0
131.5909090909091 86 0
131.72727272727272 84 0
131.86363636363637 82 0
132.0 84 0
132.13636363636363 84 0
132.27272727272728 84 0
132.4090909090909 84 0
132.54545454545453 84 0
132.6818181818182 84 0
132.8181818181818 84 0
132.95454545454547 84 0
133.63636363636363 87 0
133.77272727272728 86 0
133.9090909090909 84 0
134.04545454545453 82 0
134.1818181818182 84 0
134.3181818181818 84 0
134.45454545454547 84 0
134.5909090909091 84 0
134.72727272727272 84 0
134.86363636363637 84 0
135.0 84 0
135.13636363636363 84 0
135.8181818181818 87 0
135.95454545454547 86 0
136.0909090909091 84 0
136.22727272727272 82 0
136.36363636363637 84 0
136.5 84 0
136.63636363636363 84 0
136.77272727272728 84 0
136.9090909090909 84 0
137.04545454545453 84 0
137.1818181818182 84 0
137.3181818181818 84 0
138.0 84 0
138.13636363636363 84 0
138.27272727272728 86 0
138.4090909090909 87 0
138.54545454545453 91 0
138.6818181818182 91 0
138.8181818181818 91 0
138.95454545454547 91 0
139.0909090909091 91 0
139.22727272727272 91 0
139.36363636363637 91 0
139.5 91 0
140.1818181818182 84 0
140.3181818181818 87 0
140.45454545454547 89 0
140.5909090909091 91 0
140.72727272727272 94 0
140.86363636363637 94 0
141.0 94 0
141.13636363636363 94 0
141.27272727272728 94 0
141.4090909090909 94 0
141.54545454545453 94 0
141.6818181818182 94 0
142.36363636363637 87 0
142.5 89 0
142.63636363636363 91 0
142.77272727272728 94 0
142.9090909090909 96 0
143.04545454545453 96 0
143.1818181818182 96 0
143.3181818181818 96 0
143.45454545454547 96 0
143.5909090909091 96 0
143.72727272727272 96 0
143.86363636363637 96 0
144.54545454545453 89 0
144.6818181818182 91 0
144.8181818181818 94 0
144.95454545454547 96 0
146.72727272727272 60 0
147.13636363636363 60 0
147.8181818181818 60 0
148.22727272727272 60 0
148.63636363636363 60 0
148.77272727272728 60 0
148.9090909090909 60 0
149.04545454545453 60 0
149.1818181818182 63 0
149.3181818181818 60 0
149.45454545454547 65 0
149.57954545454547 66 0
149.72727272727272 65 0
149.86363636363637 63 0
150.0 65 0
150.27272727272728 63 0
151.0909090909091 60 0
151.5 60 0
152.1818181818182 60 0
152.5909090909091 60 0
153.0 58 0
153.13636363636363 58 0
153.27272727272728 58 0
153.4090909090909 58 0
153.54545454545453 60 0
153.6818181818182 63 0
153.8181818181818 67 0
154.0909090909091 66 0
154.22727272727272 65 0
154.36363636363637 63 0
154.5 65 0
154.63636363636363 63 0
155.45454545454547 60 0
155.86363636363637 60 0
156.54545454545453 60 0
156.95454545454547 60 0
157.36363636363637 60 0
157.5 60 0
157.63636363636363 60 0
157.77272727272728 60 0
157.9090909090909 63 0
158.04545454545453 60 0
158.1818181818182 65 0
158.3068181818182 66 0
158.45454545454547 65 0
158.5909090909091 63 0
158.72727272727272 65 0
159.0 63 0
159.8181818181818 60 0
160.22727272727272 60 0
160.9090909090909 60 0
161.3181818181818 60 0
161.72727272727272 58 0
161.86363636363637 58 0
162.0 58 0
162.13636363636363 58 0
162.27272727272728 60 0
162.4090909090909 63 0
162.54545454545453 67 0
162.8181818181818 66 0
162.95454545454547 65 0
163.0909090909091 63 0
163.22727272727272 65 0
163.36363636363637 63 0
164.1818181818182 63 0
164.5909090909091 63 0
165.13636363636363 72 0
165.54545454545453 63 0
166.0909090909091 72 0
166.22727272727272 72 0
166.36363636363637 72 0
166.5 72 0
166.63636363636363 75 0
166.77272727272728 72 0
166.9090909090909 77 0
167.0340909090909 78 0
167.1818181818182 77 0
167.3181818181818 75 0
167.45454545454547 77 0
167.72727272727272 75 0
168.54545454545453 57 0
168.95454545454547 57 0
169.5 63 0
169.9090909090909 57 0
170.45454545454547 70 0
170.5909090909091 70 0
170.72727272727272 70 0
170.86363636363637 70 0
171.0 72 0
171.13636363636363 75 0
171.27272727272728 79 0
171.54545454545453 78 0
171.6818181818182 77 0
171.8181818181818 75 0
171.95454545454547 77 0
172.0909090909091 75 0
172.9090909090909 63 0
173.3181818181818 63 0
173.86363636363637 72 0
174.27272727272728 63 0
174.8181818181818 72 0
174.95454545454547 72 0
175.0909090909091 72 0
175.22727272727272 72 0
175.36363636363637 75 0
175.5 72 0
175.63636363636363 77 0
175.76136363636363 78 0
175.9090909090909 77 0
176.04545454545453 75 0
176.1818181818182 77 0
176.45454545454547 75 0
177.27272727272728 57 0
177.6818181818182 57 0
178.22727272727272 63 0
178.63636363636363 57 0
179.1818181818182 70 0
179.3181818181818 70 0
179.45454545454547 70 0
179.5909090909091 70 0
179.72727272727272 72 0
179.86363636363637 75 0
180.0 79 0
180.27272727272728 77 0
180.4090909090909 75 0
180.54545454545453 77 0
180.6818181818182 79 0
180.8181818181818 77 0
180.95454545454547 75 0
181.36363636363637 84 0
181.5 48 0
181.63636363636363 60 0
181.77272727272728 68 0
181.9090909090909 60 0
182.04545454545453 48 0
182.1818181818182 79 0
183.54545454545453 80 0
183.6818181818182 48 0
183.8181818181818 60 0
183.95454545454547 67 0
184.0909090909091 60 0
184.22727272727272 48 0
184.36363636363637 63 0
185.72727272727272 72 0
185.86363636363637 48 0
186.0 60 0
186.13636363636363 75 0
186.27272727272728 60 0
186.4090909090909 48 0
186.54545454545453 72 0
187.9090909090909 72 0
188.04545454545453 48 0
188.1818181818182 60 0
188.3181818181818 75 0
188.45454545454547 60 0
188.5909090909091 48 0
188.72727272727272 79 0
188.72727272727272 91 0
189.27272727272728 89 0
190.0909090909091 84 0
190.22727272727272 48 0
190.36363636363637 60 0
190.5 68 0
190.63636363636363 60 0
190.77272727272728 48 0
190.9090909090909 79 0
192.27272727272728 80 0
192.4090909090909 48 0
192.54545454545453 60 0
192.6818181818182 67 0
192.8181818181818 60 0
192.95454545454547 48 0
193.0909090909091 63 0
194.45454545454547 72 0
194.5909090909091 48 0
194.72727272727272 60 0
194.86363636363637 75 0
195.0 60 0
195.13636363636363 48 0
195.27272727272728 72 0
196.63636363636363 72 0
196.77272727272728 48 0
196.9090909090909 60 0
197.04545454545453 75 0
197.1818181818182 60 0
197.3181818181818 48 0
197.45454545454547 79 0
197.45454545454547 91 0
198.0 89 0
201.27272727272728 63 0
201.54545454545453 70 0
201.8181818181818 67 0
202.0909090909091 65 0
202.36363636363637 63 0
202.63636363636363 62 0
202.9090909090909 58 0
203.45454545454547 63 0
203.5909090909091 62 0
203.72727272727272 60 0
203.86363636363637 58 0
204.0 55 0
204.27272727272728 53 0
204.54545454545453 55 0
204.8181818181818 58 0
205.0909090909091 60 0
205.63636363636363 63 0
205.77272727272728 62 0
205.9090909090909 60 0
206.04545454545453 58 0
206.1818181818182 67 0
206.45454545454547 65 0
206.72727272727272 55 0
207.0 58 0
207.27272727272728 60 0
207.8181818181818 63 0
207.95454545454547 62 0
208.0909090909091 60 0
208.22727272727272 58 0
208.36363636363637 55 0
208.63636363636363 53 0
208.9090909090909 51 0
209.1818181818182 50 0
209.45454545454547 48 0
210.13636363636363 72 0
210.27272727272728 74 0
210.4090909090909 75 0
210.54545454545453 79 0
211.0909090909091 82 0
211.63636363636363 75 0
212.3181818181818 75 0
212.45454545454547 77 0
212.5909090909091 79 0
212.72727272727272 82 0
213.27272727272728 84 0
213.8181818181818 77 0
214.5 77 0
214.63636363636363 79 0
214.77272727272728 82 0
214.9090909090909 84 0
215.45454545454547 87 0
216.0 80 0
216.6818181818182 80 0
216.8181818181818 82 0
216.95454545454547 84 0
217.0909090909091 87 0
217.63636363636363 89 0
218.1818181818182 60 0
218.72727272727272 63 0
218.86363636363637 62 0
219.0 60 0
219.13636363636363 58 0
219.27272727272728 60 0
219.4090909090909 60 0
219.54545454545453 60 0
219.6818181818182 60 0
219.8181818181818 60 0
219.95454545454547 60 0
220.0909090909091 60 0
220.22727272727272 60 0
220.9090909090909 63 0
221.04545454545453 62 0
221.1818181818182 60 0
221.3181818181818 58 0
221.45454545454547 60 0
221.5909090909091 60 0
221.72727272727272 60 0
221.86363636363637 60 0
222.0 60 0
222.13636363636363 60 0
222.27272727272728 60 0
222.4090909090909 60 0
223.0909090909091 63 0
223.22727272727272 62 0
223.36363636363637 60 0
223.5 58 0
223.63636363636363 60 0
223.77272727272728 60 0
223.9090909090909 60 0
224.04545454545453 60 0
224.1818181818182 60 0
224.3181818181818 60 0
224.45454545454547 60 0
224.5909090909091 60 0
225.27272727272728 63 0
225.4090909090909 62 0
225.54545454545453 60 0
225.6818181818182 58 0
225.8181818181818 60 0
225.95454545454547 60 0
226.0909090909091 60 0
226.22727272727272 60 0
226.36363636363637 60 0
226.5 60 0
226.63636363636363 60 0
226.77272727272728 60 0
227.45454545454547 60 0
227.5909090909091 60 0
227.72727272727272 62 0
227.86363636363637 63 0
228.0 67 0
228.13636363636363 67 0
228.27272727272728 67 0
228.4090909090909 67 0
228.54545454545453 67 0
228.6818181818182 67 0
228.8181818181818 67 0
228.95454545454547 67 0
229.63636363636363 60 0
229.77272727272728 63 0
229.9090909090909 65 0
230.04545454545453 67 0
230.1818181818182 70 0
230.3181818181818 70 0
230.45454545454547 70 0
230.5909090909091 70 0
230.72727272727272 70 0
230.86363636363637 70 0
231.0 70 0
231.13636363636363 70 0
231.8181818181818 63 0
231.95454545454547 65 0
232.0909090909091 67 0
232.22727272727272 70 0
232.36363636363637 72 0
232.5 72 0
232.63636363636363 72 0
232.77272727272728 72 0
232.9090909090909 72 0
233.04545454545453 72 0
233.1818181818182 72 0
233.3181818181818 72 0
234.0 65 0
234.13636363636363 67 0
234.27272727272728 70 0
234.4090909090909 72 0
